2017 08 22 02 -9999 -9999 -9999 -9999    11 -9999 -9999 -9999
2017 08 22 03   100 -9999 -9999 -9999    10 -9999 -9999 -9999
2017 08 22 04 -9999 -9999 -9999 -9999    19 -9999 -9999 -9999
2017 08 22 05 -9999 -9999 -9999 -9999    19 -9999 -9999 -9999
2017 08 22 06    41 -9999 -9999 -9999    20 -9999 -9999 -9999
2017 08 22 07    49 -9999 -9999 -9999    11 -9999 -9999 -9999
2017 08 22 08    45 -9999 -9999 -9999    18 -9999 -9999 -9999
2017 08 22 09    43 -9999 -9999 -9999    22 -9999 -9999 -9999
2017 08 22 10    45 -9999 -9999 -9999    27 -9999 -9999 -9999
2017 08 22 11    43 -9999 -9999 -9999    30 -9999 -9999 -9999
2017 08 22 12    37 -9999 -9999 -9999    27 -9999 -9999 -9999
2017 08 22 13    25 -9999 -9999 -9999    36 -9999 -9999 -9999
2017 08 22 14    21 -9999 -9999 -9999    37 -9999 -9999 -9999
2017 08 22 15    28 -9999 -9999 -9999    34 -9999 -9999 -9999
2017 08 22 16    50 -9999 -9999 -9999    31 -9999 -9999 -9999
2017 08 22 17 -9999 -9999 -9999 -9999    22 -9999 -9999 -9999
2017 08 22 18 -9999 -9999 -9999 -9999    30 -9999 -9999 -9999
2017 08 22 19 -9999 -9999 -9999 -9999    27 -9999 -9999 -9999
2017 08 22 20 -9999 -9999 -9999 -9999    30 -9999 -9999 -9999
2017 08 22 21 -9999 -9999 -9999 -9999    34 -9999 -9999 -9999
2017 08 22 22   122 -9999 -9999 -9999    29 -9999     0 -9999
2017 08 22 23   130 -9999 -9999 -9999    30 -9999     0 -9999
2017 08 23 00   126 -9999 -9999 -9999    29 -9999     0 -9999
2017 08 23 01   117 -9999 -9999 -9999    33 -9999     0 -9999
2017 08 23 02   105 -9999 -9999 -9999    41 -9999     0 -9999
2017 08 23 03   100 -9999 -9999 -9999    17 -9999     0 -9999
2017 08 23 04    97 -9999 -9999 -9999    15 -9999     0 -9999
2017 08 23 05    93 -9999 -9999 -9999    14 -9999     0 -9999
2017 08 23 06    79 -9999 -9999 -9999    13 -9999     0 -9999
2017 08 23 07    81 -9999 -9999 -9999    15 -9999     0 -9999
2017 08 23 08    69 -9999 -9999 -9999    11 -9999     0 -9999
2017 08 23 09    63 -9999 -9999 -9999    14 -9999     2 -9999
2017 08 23 10    52 -9999 -9999 -9999     5 -9999     0 -9999
2017 08 23 11    48 -9999 -9999 -9999     6 -9999     3 -9999
2017 08 23 12    38 -9999 -9999 -9999     8 -9999 -9999 -9999
2017 08 23 13    27 -9999 -9999 -9999    12 -9999     0 -9999
2017 08 23 14    26 -9999 -9999 -9999    22 -9999     0 -9999
2017 08 23 15    29 -9999 -9999 -9999    23 -9999     0 -9999
2017 08 23 16    43 -9999 -9999 -9999    18 -9999     0 -9999
2017 08 23 17    56 -9999 -9999 -9999     7 -9999     0 -9999
2017 08 23 18    57 -9999 -9999 -9999    19 -9999     0 -9999
2017 08 23 19    60 -9999 -9999 -9999    21 -9999     0 -9999
2017 08 23 20    61 -9999 -9999 -9999    25 -9999     0 -9999
2017 08 23 21    65 -9999 -9999 -9999    25 -9999     4 -9999
2017 08 23 22    74 -9999 -9999 -9999    28 -9999     0 -9999
2017 08 23 23    71 -9999 -9999 -9999    33 -9999     0 -9999
2017 08 24 00    60 -9999 -9999 -9999    34 -9999     3 -9999
2017 08 24 01    56 -9999 -9999 -9999    31 -9999    18 -9999
2017 08 24 02    55 -9999 -9999 -9999    28 -9999     3 -9999
2017 08 24 03    37 -9999 -9999 -9999    30 -9999    10 -9999
2017 08 24 04    34 -9999 -9999 -9999    16 -9999    21 -9999
2017 08 24 05    37 -9999 -9999 -9999     8 -9999     2 -9999
2017 08 24 06    33 -9999 -9999 -9999    14 -9999     0 -9999
2017 08 24 07    35 -9999 -9999 -9999    13 -9999     0 -9999
2017 08 24 08    32 -9999 -9999 -9999     8 -9999     0 -9999
2017 08 24 09    30 -9999 -9999 -9999     7 -9999     0 -9999
2017 08 24 10    30 -9999 -9999 -9999     6 -9999     0 -9999
2017 08 24 11    30 -9999 -9999 -9999     7 -9999     0 -9999
2017 08 24 12    28 -9999 -9999 -9999     3 -9999     0 -9999
2017 08 24 13    28 -9999 -9999 -9999     5 -9999     0 -9999
2017 08 24 14    28 -9999 -9999 -9999     8 -9999     0 -9999
2017 08 24 15    26 -9999 -9999 -9999    15 -9999     0 -9999
2017 08 24 16    31 -9999 -9999 -9999    16 -9999     0 -9999
2017 08 24 17    36 -9999 -9999 -9999    24 -9999     0 -9999
2017 08 24 18    38 -9999 -9999 -9999    26 -9999     0 -9999
2017 08 24 19    44 -9999 -9999 -9999    23 -9999     0 -9999
2017 08 24 20    41 -9999 -9999 -9999    23 -9999     0 -9999
2017 08 24 21    45 -9999 -9999 -9999    25 -9999     0 -9999
2017 08 24 22    43 -9999 -9999 -9999    29 -9999     0 -9999
2017 08 24 23    48 -9999 -9999 -9999    28 -9999     3 -9999
2017 08 25 00    47 -9999 -9999 -9999    32 -9999     0 -9999
2017 08 25 01    46 -9999 -9999 -9999    36 -9999     0 -9999
2017 08 25 02    40 -9999 -9999 -9999    40 -9999     5 -9999
2017 08 25 03    34 -9999 -9999 -9999    41 -9999     0 -9999
2017 08 25 04    29 -9999 -9999 -9999    44 -9999     0 -9999
2017 08 25 05    24 -9999 -9999 -9999    41 -9999     0 -9999
2017 08 25 06    21 -9999 -9999 -9999    36 -9999     0 -9999
2017 08 25 07    18 -9999 -9999 -9999    27 -9999     0 -9999
2017 08 25 08    13 -9999 -9999 -9999    28 -9999     0 -9999
2017 08 25 09     5 -9999 -9999 -9999    33 -9999     0 -9999
2017 08 25 10     0 -9999 -9999 -9999    37 -9999     0 -9999
2017 08 25 11    -3 -9999 -9999 -9999    36 -9999     0 -9999
2017 08 25 12    -5 -9999 -9999 -9999    30 -9999     0 -9999
2017 08 25 13    -7 -9999 -9999 -9999    25 -9999     0 -9999
2017 08 25 14   -11 -9999 -9999 -9999    25 -9999     0 -9999
2017 08 25 15    -9 -9999 -9999 -9999    23 -9999     0 -9999
2017 08 25 16    -8 -9999 -9999 -9999    15 -9999     2 -9999
2017 08 25 17    -6 -9999 -9999 -9999    18 -9999     2 -9999
2017 08 25 18    -5 -9999 -9999 -9999    19 -9999     0 -9999
2017 08 25 19    -2 -9999 -9999 -9999    27 -9999     0 -9999
2017 08 25 20     0 -9999 -9999 -9999    30 -9999     0 -9999
2017 08 25 21     2 -9999 -9999 -9999    28 -9999     3 -9999
2017 08 25 22     6 -9999 -9999 -9999    31 -9999     2 -9999
2017 08 25 23     7 -9999 -9999 -9999    32 -9999     2 -9999
2017 08 26 00     9 -9999 -9999 -9999    30 -9999     4 -9999
2017 08 26 01     9 -9999 -9999 -9999    33 -9999     2 -9999
2017 08 26 02     3 -9999 -9999 -9999    25 -9999     7 -9999
2017 08 26 03     4 -9999 -9999 -9999    23 -9999     5 -9999
2017 08 26 04     1 -9999 -9999 -9999    19 -9999     5 -9999
2017 08 26 05    -1 -9999 -9999 -9999    15 -9999     4 -9999
2017 08 26 06    -3 -9999 -9999 -9999    17 -9999     0 -9999
2017 08 26 07    -4 -9999 -9999 -9999    16 -9999     2 -9999
2017 08 26 08    -7 -9999 -9999 -9999    17 -9999     3 -9999
2017 08 26 09    -9 -9999 -9999 -9999    23 -9999     0 -9999
2017 08 26 10   -12 -9999 -9999 -9999    25 -9999     0 -9999
2017 08 26 11   -13 -9999 -9999 -9999    15 -9999     0 -9999
2017 08 26 12   -14 -9999 -9999 -9999    18 -9999     3 -9999
2017 08 26 13   -15 -9999 -9999 -9999    18 -9999     0 -9999
2017 08 26 14   -15 -9999 -9999 -9999    17 -9999     0 -9999
2017 08 26 15   -16 -9999 -9999 -9999    13 -9999     4 -9999
2017 08 26 16   -15 -9999 -9999 -9999    12 -9999     2 -9999
2017 08 26 17   -13 -9999 -9999 -9999    13 -9999     2 -9999
2017 08 26 18   -10 -9999 -9999 -9999    13 -9999     3 -9999
2017 08 26 19    -6 -9999 -9999 -9999    12 -9999     0 -9999
2017 08 26 20    -3 -9999 -9999 -9999    16 -9999     0 -9999
2017 08 26 21     4 -9999 -9999 -9999    17 -9999     0 -9999
2017 08 26 22     5 -9999 -9999 -9999    23 -9999     0 -9999
2017 08 26 23    12 -9999 -9999 -9999    20 -9999     0 -9999
2017 08 27 00    19 -9999 -9999 -9999    23 -9999     0 -9999
2017 08 27 01    24 -9999 -9999 -9999    21 -9999     0 -9999
2017 08 27 02    20 -9999 -9999 -9999    28 -9999     2 -9999
2017 08 27 03    16 -9999 -9999 -9999    36 -9999     0 -9999
2017 08 27 04    14 -9999 -9999 -9999    38 -9999     0 -9999
2017 08 27 05    10 -9999 -9999 -9999    36 -9999     0 -9999
2017 08 27 06     6 -9999 -9999 -9999    35 -9999     0 -9999
2017 08 27 07     2 -9999 -9999 -9999    30 -9999     0 -9999
2017 08 27 08     0 -9999 -9999 -9999    14 -9999     0 -9999
2017 08 27 09    -2 -9999 -9999 -9999    15 -9999     0 -9999
2017 08 27 10    -5 -9999 -9999 -9999    15 -9999     0 -9999
2017 08 27 11    -6 -9999 -9999 -9999     7 -9999     0 -9999
2017 08 27 12    -7 -9999 -9999 -9999     8 -9999     0 -9999
2017 08 27 13   -11 -9999 -9999 -9999     8 -9999     4 -9999
2017 08 27 14   -14 -9999 -9999 -9999     5 -9999     0 -9999
2017 08 27 15   -14 -9999 -9999 -9999     6 -9999     0 -9999
2017 08 27 16   -11 -9999 -9999 -9999    10 -9999     3 -9999
2017 08 27 17   -10 -9999 -9999 -9999    11 -9999     3 -9999
2017 08 27 18    -9 -9999 -9999 -9999    12 -9999     5 -9999
2017 08 27 19    -8 -9999 -9999 -9999    14 -9999     5 -9999
2017 08 27 20    -6 -9999 -9999 -9999    14 -9999     3 -9999
2017 08 27 21    -1 -9999 -9999 -9999    16 -9999     0 -9999
2017 08 27 22     3 -9999 -9999 -9999    16 -9999     2 -9999
2017 08 27 23     4 -9999 -9999 -9999    22 -9999     0 -9999
2017 08 28 00    10 -9999 -9999 -9999    19 -9999     2 -9999
2017 08 28 01    11 -9999 -9999 -9999    16 -9999     3 -9999
2017 08 28 02     6 -9999 -9999 -9999    18 -9999     0 -9999
2017 08 28 03     5 -9999 -9999 -9999    23 -9999     0 -9999
2017 08 28 04     1 -9999 -9999 -9999    23 -9999     4 -9999
2017 08 28 05    -2 -9999 -9999 -9999    17 -9999    11 -9999
2017 08 28 06    -4 -9999 -9999 -9999    11 -9999     7 -9999
2017 08 28 07    -6 -9999 -9999 -9999     8 -9999     6 -9999
2017 08 28 08    -7 -9999 -9999 -9999     9 -9999     5 -9999
2017 08 28 09    -9 -9999 -9999 -9999     8 -9999    15 -9999
2017 08 28 10   -10 -9999 -9999 -9999    15 -9999    20 -9999
2017 08 28 11   -11 -9999 -9999 -9999    12 -9999    14 -9999
2017 08 28 12   -13 -9999 -9999 -9999     7 -9999     0 -9999
2017 08 28 13   -14 -9999 -9999 -9999     4 -9999     0 -9999
2017 08 28 14   -16 -9999 -9999 -9999     9 -9999     0 -9999
2017 08 28 15   -20 -9999 -9999 -9999     7 -9999     0 -9999
2017 08 28 16   -20 -9999 -9999 -9999     5 -9999     0 -9999
2017 08 28 17   -19 -9999 -9999 -9999     7 -9999     0 -9999
2017 08 28 18   -18 -9999 -9999 -9999    12 -9999     0 -9999
2017 08 28 19   -17 -9999 -9999 -9999    15 -9999     0 -9999
2017 08 28 20   -17 -9999 -9999 -9999    14 -9999     0 -9999
2017 08 28 21   -18 -9999 -9999 -9999    23 -9999     3 -9999
2017 08 28 22   -17 -9999 -9999 -9999    27 -9999     0 -9999
2017 08 28 23   -15 -9999 -9999 -9999    26 -9999     4 -9999
2017 08 29 00   -15 -9999 -9999 -9999    53 -9999     0 -9999
2017 08 29 01   -16 -9999 -9999 -9999    51 -9999    12 -9999
2017 08 29 02   -17 -9999 -9999 -9999    50 -9999     9 -9999
2017 08 29 03   -21 -9999 -9999 -9999    50 -9999     6 -9999
2017 08 29 04   -25 -9999 -9999 -9999    52 -9999     7 -9999
2017 08 29 05   -26 -9999 -9999 -9999    49 -9999    13 -9999
2017 08 29 06   -28 -9999 -9999 -9999    38 -9999    10 -9999
2017 08 29 07   -31 -9999 -9999 -9999    35 -9999     7 -9999
2017 08 29 08   -33 -9999 -9999 -9999    25 -9999     0 -9999
2017 08 29 09   -36 -9999 -9999 -9999    21 -9999     2 -9999
2017 08 29 10   -36 -9999 -9999 -9999    11 -9999     0 -9999
2017 08 29 11   -36 -9999 -9999 -9999    11 -9999     0 -9999
2017 08 29 12   -37 -9999 -9999 -9999    20 -9999     0 -9999
2017 08 29 13   -37 -9999 -9999 -9999    24 -9999     0 -9999
2017 08 29 14   -38 -9999 -9999 -9999    21 -9999     0 -9999
2017 08 29 15   -39 -9999 -9999 -9999    18 -9999     0 -9999
2017 08 29 16   -40 -9999 -9999 -9999    19 -9999     0 -9999
2017 08 29 17   -39 -9999 -9999 -9999     8 -9999     0 -9999
2017 08 29 18   -37 -9999 -9999 -9999     8 -9999     0 -9999
2017 08 29 19   -37 -9999 -9999 -9999    21 -9999     0 -9999
2017 08 29 20   -35 -9999 -9999 -9999    14 -9999     0 -9999
2017 08 29 21   -38 -9999 -9999 -9999    21 -9999     0 -9999
2017 08 29 22   -32 -9999 -9999 -9999    21 -9999     0 -9999
2017 08 29 23   -31 -9999 -9999 -9999    20 -9999     0 -9999
2017 08 30 00   -32 -9999 -9999 -9999    26 -9999     0 -9999
2017 08 30 01   -32 -9999 -9999 -9999    27 -9999     0 -9999
2017 08 30 02   -32 -9999 -9999 -9999    25 -9999     0 -9999
2017 08 30 03   -33 -9999 -9999 -9999    21 -9999     0 -9999
2017 08 30 04   -41 -9999 -9999 -9999    12 -9999     0 -9999
2017 08 30 05   -44 -9999 -9999 -9999    11 -9999     0 -9999
2017 08 30 06   -57 -9999 -9999 -9999     7 -9999     0 -9999
2017 08 30 07   -52 -9999 -9999 -9999     8 -9999     0 -9999
2017 08 30 08   -57 -9999 -9999 -9999     5 -9999     0 -9999
2017 08 30 09   -53 -9999 -9999 -9999    13 -9999     0 -9999
2017 08 30 10   -52 -9999 -9999 -9999    13 -9999     0 -9999
2017 08 30 11   -51 -9999 -9999 -9999    11 -9999     0 -9999
2017 08 30 12   -53 -9999 -9999 -9999    18 -9999     0 -9999
2017 08 30 13   -53 -9999 -9999 -9999    19 -9999     0 -9999
2017 08 30 14   -50 -9999 -9999 -9999    24 -9999     0 -9999
2017 08 30 15   -47 -9999 -9999 -9999    36 -9999     0 -9999
2017 08 30 16   -46 -9999 -9999 -9999    35 -9999     3 -9999
2017 08 30 17   -44 -9999 -9999 -9999    31 -9999     6 -9999
2017 08 30 18   -42 -9999 -9999 -9999    37 -9999     0 -9999
2017 08 30 19   -41 -9999 -9999 -9999    32 -9999     3 -9999
2017 08 30 20   -41 -9999 -9999 -9999    18 -9999    10 -9999
2017 08 30 21   -42 -9999 -9999 -9999    14 -9999     6 -9999
2017 08 30 22   -36 -9999 -9999 -9999     6 -9999     5 -9999
2017 08 30 23   -33 -9999 -9999 -9999     6 -9999     0 -9999
2017 08 31 00   -35 -9999 -9999 -9999     4 -9999     0 -9999
2017 08 31 01   -34 -9999 -9999 -9999     5 -9999     0 -9999
2017 08 31 02   -32 -9999 -9999 -9999    15 -9999     0 -9999
2017 08 31 03   -32 -9999 -9999 -9999    18 -9999     0 -9999
2017 08 31 04   -31 -9999 -9999 -9999    20 -9999     0 -9999
2017 08 31 05   -32 -9999 -9999 -9999    19 -9999     0 -9999
2017 08 31 06   -34 -9999 -9999 -9999    14 -9999     0 -9999
2017 08 31 07   -35 -9999 -9999 -9999    16 -9999     3 -9999
2017 08 31 08   -31 -9999 -9999 -9999    14 -9999     2 -9999
2017 08 31 09   -32 -9999 -9999 -9999    25 -9999     0 -9999
2017 08 31 10   -34 -9999 -9999 -9999    34 -9999     0 -9999
2017 08 31 11   -34 -9999 -9999 -9999    34 -9999     0 -9999
2017 08 31 12   -33 -9999 -9999 -9999    26 -9999     0 -9999
2017 08 31 13   -36 -9999 -9999 -9999     8 -9999     0 -9999
2017 08 31 14   -36 -9999 -9999 -9999     8 -9999     0 -9999
2017 08 31 15   -32 -9999 -9999 -9999    12 -9999     0 -9999
2017 08 31 16   -28 -9999 -9999 -9999    13 -9999     0 -9999
2017 08 31 17   -27 -9999 -9999 -9999    14 -9999     0 -9999
2017 08 31 18   -27 -9999 -9999 -9999    13 -9999     0 -9999
2017 08 31 19   -25 -9999 -9999 -9999    13 -9999     0 -9999
2017 08 31 20   -27 -9999 -9999 -9999    15 -9999     0 -9999
2017 08 31 21   -21 -9999 -9999 -9999    12 -9999     0 -9999
2017 08 31 22   -25 -9999 -9999 -9999    11 -9999     0 -9999
2017 08 31 23   -21 -9999 -9999 -9999    10 -9999     0 -9999
2017 09 01 00   -24 -9999 -9999 -9999    20 -9999     0 -9999
2017 09 01 01   -26 -9999 -9999 -9999    17 -9999     0 -9999
2017 09 01 02   -28 -9999 -9999 -9999     8 -9999     0 -9999
2017 09 01 03   -31 -9999 -9999 -9999     6 -9999     0 -9999
2017 09 01 04   -48 -9999 -9999 -9999    18 -9999     0 -9999
2017 09 01 05   -59 -9999 -9999 -9999    10 -9999     0 -9999
2017 09 01 06   -43 -9999 -9999 -9999    21 -9999     0 -9999
2017 09 01 07   -38 -9999 -9999 -9999    30 -9999     0 -9999
2017 09 01 08   -52 -9999 -9999 -9999    29 -9999     0 -9999
2017 09 01 09   -56 -9999 -9999 -9999    16 -9999     0 -9999
2017 09 01 10   -53 -9999 -9999 -9999    29 -9999     0 -9999
2017 09 01 11   -48 -9999 -9999 -9999    27 -9999     0 -9999
2017 09 01 12   -40 -9999 -9999 -9999    19 -9999     0 -9999
2017 09 01 13   -24 -9999 -9999 -9999    37 -9999     0 -9999
2017 09 01 14   -25 -9999 -9999 -9999    18 -9999     0 -9999
2017 09 01 15   -19 -9999 -9999 -9999    10 -9999     0 -9999
2017 09 01 16    -5 -9999 -9999 -9999    23 -9999     0 -9999
2017 09 01 17     5 -9999 -9999 -9999    35 -9999     0 -9999
2017 09 01 18    12 -9999 -9999 -9999    27 -9999     0 -9999
2017 09 01 19    25 -9999 -9999 -9999    27 -9999     0 -9999
2017 09 01 20    36 -9999 -9999 -9999    19 -9999     0 -9999
2017 09 01 21    37 -9999 -9999 -9999    25 -9999     0 -9999
2017 09 01 22    39 -9999 -9999 -9999    21 -9999     0 -9999
2017 09 01 23    32 -9999 -9999 -9999    14 -9999     0 -9999
2017 09 02 00    37 -9999 -9999 -9999    12 -9999     0 -9999
2017 09 02 01    33 -9999 -9999 -9999    12 -9999     0 -9999
2017 09 02 02    45 -9999 -9999 -9999     9 -9999     0 -9999
2017 09 02 03    28 -9999 -9999 -9999    13 -9999     0 -9999
2017 09 02 04    35 -9999 -9999 -9999    29 -9999     0 -9999
2017 09 02 05    32 -9999 -9999 -9999    33 -9999     0 -9999
2017 09 02 06    33 -9999 -9999 -9999    40 -9999     0 -9999
2017 09 02 07    31 -9999 -9999 -9999    33 -9999     0 -9999
2017 09 02 08    23 -9999 -9999 -9999    33 -9999     0 -9999
2017 09 02 09    31 -9999 -9999 -9999    38 -9999     0 -9999
2017 09 02 10    25 -9999 -9999 -9999    31 -9999     0 -9999
2017 09 02 11    31 -9999 -9999 -9999    29 -9999     0 -9999
2017 09 02 12    28 -9999 -9999 -9999    27 -9999     0 -9999
2017 09 02 13    25 -9999 -9999 -9999    20 -9999     0 -9999
2017 09 02 14    25 -9999 -9999 -9999    31 -9999     0 -9999
2017 09 02 15    25 -9999 -9999 -9999    29 -9999     0 -9999
2017 09 02 16    25 -9999 -9999 -9999    16 -9999     0 -9999
2017 09 02 17    28 -9999 -9999 -9999    15 -9999     3 -9999
2017 09 02 18    29 -9999 -9999 -9999    14 -9999     0 -9999
2017 09 02 19    39 -9999 -9999 -9999    23 -9999     0 -9999
2017 09 02 20    45 -9999 -9999 -9999    15 -9999     0 -9999
2017 09 02 21    50 -9999 -9999 -9999    15 -9999     0 -9999
2017 09 02 22    46 -9999 -9999 -9999    18 -9999     0 -9999
2017 09 02 23    39 -9999 -9999 -9999    16 -9999     0 -9999
2017 09 03 00    41 -9999 -9999 -9999    21 -9999     0 -9999
2017 09 03 01    41 -9999 -9999 -9999    14 -9999     0 -9999
2017 09 03 02    53 -9999 -9999 -9999     8 -9999     0 -9999
2017 09 03 03    34 -9999 -9999 -9999    11 -9999     0 -9999
2017 09 03 04    32 -9999 -9999 -9999    15 -9999     0 -9999
2017 09 03 05    22 -9999 -9999 -9999    38 -9999     0 -9999
2017 09 03 06    17 -9999 -9999 -9999    15 -9999     0 -9999
2017 09 03 07    22 -9999 -9999 -9999    11 -9999     0 -9999
2017 09 03 08    18 -9999 -9999 -9999    11 -9999     0 -9999
2017 09 03 09     9 -9999 -9999 -9999    22 -9999     0 -9999
2017 09 03 10     2 -9999 -9999 -9999    39 -9999     0 -9999
2017 09 03 11    -8 -9999 -9999 -9999    46 -9999     0 -9999
2017 09 03 12   -13 -9999 -9999 -9999    44 -9999     0 -9999
2017 09 03 13   -14 -9999 -9999 -9999    45 -9999     0 -9999
2017 09 03 14   -12 -9999 -9999 -9999    44 -9999     0 -9999
2017 09 03 15   -26 -9999 -9999 -9999    38 -9999     0 -9999
2017 09 03 16   -15 -9999 -9999 -9999    41 -9999     0 -9999
2017 09 03 17    -8 -9999 -9999 -9999    38 -9999     0 -9999
2017 09 03 18     5 -9999 -9999 -9999    31 -9999     0 -9999
2017 09 03 19    12 -9999 -9999 -9999    22 -9999     0 -9999
2017 09 03 20    24 -9999 -9999 -9999    19 -9999     0 -9999
2017 09 03 21    36 -9999 -9999 -9999    17 -9999     0 -9999
2017 09 03 22    41 -9999 -9999 -9999    14 -9999     0 -9999
2017 09 03 23    48 -9999 -9999 -9999    19 -9999     0 -9999
2017 09 04 00    58 -9999 -9999 -9999    12 -9999     0 -9999
2017 09 04 01    48 -9999 -9999 -9999    31 -9999     0 -9999
2017 09 04 02    51 -9999 -9999 -9999    30 -9999     0 -9999
2017 09 04 03    47 -9999 -9999 -9999    24 -9999     0 -9999
2017 09 04 04    40 -9999 -9999 -9999    22 -9999     0 -9999
2017 09 04 05    26 -9999 -9999 -9999    26 -9999     0 -9999
2017 09 04 06    34 -9999 -9999 -9999    32 -9999     0 -9999
2017 09 04 07    28 -9999 -9999 -9999    35 -9999     0 -9999
2017 09 04 08    27 -9999 -9999 -9999    37 -9999     0 -9999
2017 09 04 09    29 -9999 -9999 -9999    32 -9999     0 -9999
2017 09 04 10    23 -9999 -9999 -9999    29 -9999     0 -9999
2017 09 04 11    20 -9999 -9999 -9999    32 -9999     0 -9999
2017 09 04 12    15 -9999 -9999 -9999    36 -9999     0 -9999
2017 09 04 13    -2 -9999 -9999 -9999    39 -9999     0 -9999
2017 09 04 14     0 -9999 -9999 -9999    42 -9999     0 -9999
2017 09 04 15   -17 -9999 -9999 -9999    39 -9999     0 -9999
2017 09 04 16    12 -9999 -9999 -9999    37 -9999     0 -9999
2017 09 04 17    16 -9999 -9999 -9999    46 -9999     0 -9999
2017 09 04 18    27 -9999 -9999 -9999    31 -9999     0 -9999
2017 09 04 19    38 -9999 -9999 -9999    13 -9999     0 -9999
2017 09 04 20    45 -9999 -9999 -9999    22 -9999     0 -9999
2017 09 04 21    50 -9999 -9999 -9999    24 -9999     0 -9999
2017 09 04 22    55 -9999 -9999 -9999    32 -9999     0 -9999
2017 09 04 23    60 -9999 -9999 -9999    27 -9999     0 -9999
2017 09 05 00    61 -9999 -9999 -9999    24 -9999     0 -9999
2017 09 05 01    60 -9999 -9999 -9999    25 -9999     0 -9999
2017 09 05 02    59 -9999 -9999 -9999    37 -9999     0 -9999
2017 09 05 03    56 -9999 -9999 -9999    12 -9999     0 -9999
2017 09 05 04    43 -9999 -9999 -9999    12 -9999     0 -9999
2017 09 05 05    26 -9999 -9999 -9999    13 -9999     0 -9999
2017 09 05 06    24 -9999 -9999 -9999    23 -9999     0 -9999
2017 09 05 07    25 -9999 -9999 -9999    35 -9999     0 -9999
2017 09 05 08    21 -9999 -9999 -9999    36 -9999     0 -9999
2017 09 05 09    13 -9999 -9999 -9999    29 -9999     0 -9999
2017 09 05 10    22 -9999 -9999 -9999    28 -9999     0 -9999
2017 09 05 11    21 -9999 -9999 -9999    33 -9999     0 -9999
2017 09 05 12    11 -9999 -9999 -9999    26 -9999     0 -9999
2017 09 05 13    20 -9999 -9999 -9999    30 -9999     0 -9999
2017 09 05 14    11 -9999 -9999 -9999    31 -9999     0 -9999
2017 09 05 15    11 -9999 -9999 -9999    27 -9999     0 -9999
2017 09 05 16    19 -9999 -9999 -9999    34 -9999     0 -9999
2017 09 05 17    28 -9999 -9999 -9999    28 -9999     0 -9999
2017 09 05 18    41 -9999 -9999 -9999    25 -9999     0 -9999
2017 09 05 19    56 -9999 -9999 -9999    22 -9999     0 -9999
2017 09 05 20    72 -9999 -9999 -9999     7 -9999     0 -9999
2017 09 05 21    74 -9999 -9999 -9999    11 -9999     0 -9999
2017 09 05 22    77 -9999 -9999 -9999    13 -9999     0 -9999
2017 09 05 23    90 -9999 -9999 -9999     8 -9999     0 -9999
2017 09 06 00    79 -9999 -9999 -9999    12 -9999     0 -9999
2017 09 06 01    84 -9999 -9999 -9999    23 -9999     0 -9999
2017 09 06 02    71 -9999 -9999 -9999    16 -9999     0 -9999
2017 09 06 03    61 -9999 -9999 -9999    11 -9999     0 -9999
2017 09 06 04    48 -9999 -9999 -9999     7 -9999     0 -9999
2017 09 06 05    27 -9999 -9999 -9999     9 -9999     0 -9999
2017 09 06 06    20 -9999 -9999 -9999    11 -9999     0 -9999
2017 09 06 07    14 -9999 -9999 -9999    24 -9999     0 -9999
2017 09 06 08    17 -9999 -9999 -9999    30 -9999     0 -9999
2017 09 06 09     2 -9999 -9999 -9999    18 -9999     0 -9999
2017 09 06 10    36 -9999 -9999 -9999    23 -9999     0 -9999
2017 09 06 11    20 -9999 -9999 -9999    14 -9999     0 -9999
2017 09 06 12    30 -9999 -9999 -9999    18 -9999     0 -9999
2017 09 06 13    27 -9999 -9999 -9999    37 -9999     0 -9999
2017 09 06 14    32 -9999 -9999 -9999    37 -9999     0 -9999
2017 09 06 15    40 -9999 -9999 -9999    26 -9999     0 -9999
2017 09 06 16    28 -9999 -9999 -9999    23 -9999     8 -9999
2017 09 06 17    31 -9999 -9999 -9999    19 -9999    15 -9999
2017 09 06 18    30 -9999 -9999 -9999    15 -9999     3 -9999
2017 09 06 19    36 -9999 -9999 -9999    26 -9999     0 -9999
2017 09 06 20    42 -9999 -9999 -9999    56 -9999     0 -9999
2017 09 06 21    49 -9999 -9999 -9999    26 -9999     0 -9999
2017 09 06 22    59 -9999 -9999 -9999    20 -9999     0 -9999
2017 09 06 23    79 -9999 -9999 -9999    23 -9999     0 -9999
2017 09 07 00   118 -9999 -9999 -9999    22 -9999     0 -9999
2017 09 07 01   108 -9999 -9999 -9999    46 -9999     0 -9999
2017 09 07 02   102 -9999 -9999 -9999    35 -9999     0 -9999
2017 09 07 03    96 -9999 -9999 -9999    42 -9999     0 -9999
2017 09 07 04    78 -9999 -9999 -9999    29 -9999     0 -9999
2017 09 07 05    63 -9999 -9999 -9999    25 -9999     0 -9999
2017 09 07 06    66 -9999 -9999 -9999    30 -9999     0 -9999
2017 09 07 07    61 -9999 -9999 -9999    31 -9999     0 -9999
2017 09 07 08    65 -9999 -9999 -9999    36 -9999     0 -9999
2017 09 07 09    61 -9999 -9999 -9999    35 -9999     0 -9999
2017 09 07 10    59 -9999 -9999 -9999    30 -9999     0 -9999
2017 09 07 11    65 -9999 -9999 -9999    37 -9999     0 -9999
2017 09 07 12    70 -9999 -9999 -9999    44 -9999     0 -9999
2017 09 07 13    62 -9999 -9999 -9999    34 -9999     0 -9999
2017 09 07 14    56 -9999 -9999 -9999    38 -9999     0 -9999
2017 09 07 15    56 -9999 -9999 -9999    31 -9999     0 -9999
2017 09 07 16    60 -9999 -9999 -9999    27 -9999     0 -9999
2017 09 07 17    74 -9999 -9999 -9999    28 -9999     0 -9999
2017 09 07 18    81 -9999 -9999 -9999    27 -9999     0 -9999
2017 09 07 19    95 -9999 -9999 -9999    22 -9999     0 -9999
2017 09 07 20    99 -9999 -9999 -9999    24 -9999     0 -9999
2017 09 07 21    82 -9999 -9999 -9999    22 -9999     0 -9999
2017 09 07 22    94 -9999 -9999 -9999    14 -9999     0 -9999
2017 09 07 23    97 -9999 -9999 -9999    24 -9999     0 -9999
2017 09 08 01    95 -9999 -9999 -9999    29 -9999 -9999 -9999
2017 09 08 02    89 -9999 -9999 -9999    27 -9999     0 -9999
2017 09 08 03    77 -9999 -9999 -9999    13 -9999     0 -9999
2017 09 08 04    69 -9999 -9999 -9999    23 -9999     0 -9999
2017 09 08 05    60 -9999 -9999 -9999    19 -9999     0 -9999
2017 09 08 06    50 -9999 -9999 -9999    14 -9999     0 -9999
2017 09 08 07    49 -9999 -9999 -9999     8 -9999     0 -9999
2017 09 08 08    44 -9999 -9999 -9999     4 -9999     0 -9999
2017 09 08 09    42 -9999 -9999 -9999     6 -9999     2 -9999
2017 09 08 10    36 -9999 -9999 -9999     9 -9999     0 -9999
2017 09 08 11    37 -9999 -9999 -9999     7 -9999     2 -9999
2017 09 08 12    28 -9999 -9999 -9999    10 -9999     4 -9999
2017 09 08 13    29 -9999 -9999 -9999    19 -9999     3 -9999
2017 09 08 14    33 -9999 -9999 -9999    24 -9999     2 -9999
2017 09 08 15    33 -9999 -9999 -9999    17 -9999     0 -9999
2017 09 08 16    27 -9999 -9999 -9999    12 -9999     0 -9999
2017 09 08 17    30 -9999 -9999 -9999     6 -9999     3 -9999
2017 09 08 18    34 -9999 -9999 -9999    14 -9999     0 -9999
2017 09 08 19    32 -9999 -9999 -9999    28 -9999     2 -9999
2017 09 08 20    39 -9999 -9999 -9999    16 -9999     0 -9999
2017 09 08 21    34 -9999 -9999 -9999    26 -9999     0 -9999
2017 09 08 22    37 -9999 -9999 -9999    27 -9999     0 -9999
2017 09 08 23    34 -9999 -9999 -9999    33 -9999     0 -9999
2017 09 09 00    36 -9999 -9999 -9999    30 -9999     0 -9999
2017 09 09 01    34 -9999 -9999 -9999    31 -9999     0 -9999
2017 09 09 02    28 -9999 -9999 -9999    27 -9999     0 -9999
2017 09 09 03    12 -9999 -9999 -9999    33 -9999     0 -9999
2017 09 09 04     5 -9999 -9999 -9999    33 -9999     0 -9999
2017 09 09 05     0 -9999 -9999 -9999    26 -9999     0 -9999
2017 09 09 06    -4 -9999 -9999 -9999    26 -9999     0 -9999
2017 09 09 07    -9 -9999 -9999 -9999    24 -9999     0 -9999
2017 09 09 08   -14 -9999 -9999 -9999    21 -9999     0 -9999
2017 09 09 09   -16 -9999 -9999 -9999    20 -9999     0 -9999
2017 09 09 10   -18 -9999 -9999 -9999    19 -9999     0 -9999
2017 09 09 11   -21 -9999 -9999 -9999    22 -9999     0 -9999
2017 09 09 12   -23 -9999 -9999 -9999    26 -9999     0 -9999
2017 09 09 13   -23 -9999 -9999 -9999    22 -9999     0 -9999
2017 09 09 14   -26 -9999 -9999 -9999    19 -9999     0 -9999
2017 09 09 15   -30 -9999 -9999 -9999    25 -9999     0 -9999
2017 09 09 16   -29 -9999 -9999 -9999    26 -9999     0 -9999
2017 09 09 17   -28 -9999 -9999 -9999    23 -9999     0 -9999
2017 09 09 18   -22 -9999 -9999 -9999    20 -9999     2 -9999
2017 09 09 19   -19 -9999 -9999 -9999    15 -9999     0 -9999
2017 09 09 20   -16 -9999 -9999 -9999    21 -9999     0 -9999
2017 09 09 21    -7 -9999 -9999 -9999    24 -9999     0 -9999
2017 09 09 22    -2 -9999 -9999 -9999    27 -9999     0 -9999
2017 09 09 23    -1 -9999 -9999 -9999    29 -9999     0 -9999
2017 09 10 00    -1 -9999 -9999 -9999    28 -9999     0 -9999
2017 09 10 01    -5 -9999 -9999 -9999    29 -9999     0 -9999
2017 09 10 02   -13 -9999 -9999 -9999    40 -9999     0 -9999
2017 09 10 03   -17 -9999 -9999 -9999    36 -9999     0 -9999
2017 09 10 04   -21 -9999 -9999 -9999    28 -9999     0 -9999
2017 09 10 05   -32 -9999 -9999 -9999    31 -9999     0 -9999
2017 09 10 06   -31 -9999 -9999 -9999    32 -9999     0 -9999
2017 09 10 07   -37 -9999 -9999 -9999    27 -9999     0 -9999
2017 09 10 08   -42 -9999 -9999 -9999    26 -9999     0 -9999
2017 09 10 09   -42 -9999 -9999 -9999    25 -9999     0 -9999
2017 09 10 10   -49 -9999 -9999 -9999    18 -9999     0 -9999
2017 09 10 11   -65 -9999 -9999 -9999    11 -9999     0 -9999
2017 09 10 12   -52 -9999 -9999 -9999    16 -9999     0 -9999
2017 09 10 13   -50 -9999 -9999 -9999    11 -9999     0 -9999
2017 09 10 14   -43 -9999 -9999 -9999     4 -9999     0 -9999
2017 09 10 15   -36 -9999 -9999 -9999     5 -9999     0 -9999
2017 09 10 16   -31 -9999 -9999 -9999     5 -9999     0 -9999
2017 09 10 17   -23 -9999 -9999 -9999     4 -9999     0 -9999
2017 09 10 18   -16 -9999 -9999 -9999     7 -9999     0 -9999
2017 09 10 19    -4 -9999 -9999 -9999     4 -9999     0 -9999
2017 09 10 20    17 -9999 -9999 -9999     5 -9999     0 -9999
2017 09 10 21    27 -9999 -9999 -9999    14 -9999     0 -9999
2017 09 10 22    33 -9999 -9999 -9999    17 -9999     0 -9999
2017 09 10 23    48 -9999 -9999 -9999    10 -9999     0 -9999
2017 09 11 00    68 -9999 -9999 -9999    13 -9999     0 -9999
2017 09 11 01    72 -9999 -9999 -9999    17 -9999     0 -9999
2017 09 11 02    63 -9999 -9999 -9999    22 -9999     0 -9999
2017 09 11 03    46 -9999 -9999 -9999    18 -9999     0 -9999
2017 09 11 04    40 -9999 -9999 -9999     6 -9999     0 -9999
2017 09 11 05    12 -9999 -9999 -9999    13 -9999     0 -9999
2017 09 11 06     9 -9999 -9999 -9999    27 -9999     0 -9999
2017 09 11 07    14 -9999 -9999 -9999    31 -9999     0 -9999
2017 09 11 08    13 -9999 -9999 -9999    28 -9999     0 -9999
2017 09 11 09    12 -9999 -9999 -9999    23 -9999     0 -9999
2017 09 11 10    12 -9999 -9999 -9999    25 -9999     0 -9999
2017 09 11 11    21 -9999 -9999 -9999    32 -9999     0 -9999
2017 09 11 12    12 -9999 -9999 -9999    29 -9999     0 -9999
2017 09 11 13    21 -9999 -9999 -9999    32 -9999     0 -9999
2017 09 11 14    29 -9999 -9999 -9999    28 -9999     0 -9999
2017 09 11 15    35 -9999 -9999 -9999    23 -9999     0 -9999
2017 09 11 16    35 -9999 -9999 -9999    13 -9999     2 -9999
2017 09 11 17     8 -9999 -9999 -9999    19 -9999     0 -9999
2017 09 11 18     3 -9999 -9999 -9999    37 -9999     0 -9999
2017 09 11 19     2 -9999 -9999 -9999    14 -9999     0 -9999
2017 09 11 20     2 -9999 -9999 -9999     4 -9999    18 -9999
2017 09 11 21     7 -9999 -9999 -9999     8 -9999     5 -9999
2017 09 11 22     9 -9999 -9999 -9999     5 -9999     7 -9999
2017 09 11 23    19 -9999 -9999 -9999    14 -9999     3 -9999
2017 09 12 00    29 -9999 -9999 -9999    15 -9999     0 -9999
2017 09 12 01    28 -9999 -9999 -9999    17 -9999     0 -9999
2017 09 12 02    28 -9999 -9999 -9999    14 -9999     0 -9999
2017 09 12 03    27 -9999 -9999 -9999    22 -9999     0 -9999
2017 09 12 04    23 -9999 -9999 -9999    19 -9999     0 -9999
2017 09 12 05    18 -9999 -9999 -9999    15 -9999     0 -9999
2017 09 12 06    11 -9999 -9999 -9999    15 -9999     0 -9999
2017 09 12 07    10 -9999 -9999 -9999    22 -9999     0 -9999
2017 09 12 08     3 -9999 -9999 -9999    21 -9999     0 -9999
2017 09 12 09    -4 -9999 -9999 -9999    12 -9999     0 -9999
2017 09 12 10    -2 -9999 -9999 -9999    11 -9999     0 -9999
2017 09 12 11    20 -9999 -9999 -9999    38 -9999     0 -9999
2017 09 12 12    24 -9999 -9999 -9999    40 -9999     0 -9999
2017 09 12 13    28 -9999 -9999 -9999    43 -9999     0 -9999
2017 09 12 14    30 -9999 -9999 -9999    49 -9999     0 -9999
2017 09 12 15    40 -9999 -9999 -9999    50 -9999     0 -9999
2017 09 12 16    54 -9999 -9999 -9999    59 -9999     0 -9999
2017 09 12 17    53 -9999 -9999 -9999    59 -9999     0 -9999
2017 09 12 18    62 -9999 -9999 -9999    48 -9999     0 -9999
2017 09 12 19    63 -9999 -9999 -9999    64 -9999     0 -9999
2017 09 12 20    64 -9999 -9999 -9999    73 -9999     0 -9999
2017 09 12 21    64 -9999 -9999 -9999    70 -9999     0 -9999
2017 09 12 22    72 -9999 -9999 -9999    82 -9999     0 -9999
2017 09 12 23    81 -9999 -9999 -9999    73 -9999     0 -9999
2017 09 13 00    83 -9999 -9999 -9999    72 -9999     0 -9999
2017 09 13 01    79 -9999 -9999 -9999    79 -9999     0 -9999
2017 09 13 02    75 -9999 -9999 -9999    80 -9999     0 -9999
2017 09 13 03    75 -9999 -9999 -9999    74 -9999     0 -9999
2017 09 13 04    74 -9999 -9999 -9999    70 -9999     0 -9999
2017 09 13 05    79 -9999 -9999 -9999    79 -9999     0 -9999
2017 09 13 06    81 -9999 -9999 -9999    73 -9999     0 -9999
2017 09 13 07    79 -9999 -9999 -9999    61 -9999     0 -9999
2017 09 13 08    83 -9999 -9999 -9999    64 -9999     0 -9999
2017 09 13 09    82 -9999 -9999 -9999    64 -9999     0 -9999
2017 09 13 10    77 -9999 -9999 -9999    69 -9999     0 -9999
2017 09 13 11    81 -9999 -9999 -9999    69 -9999     0 -9999
2017 09 13 12    82 -9999 -9999 -9999    57 -9999     0 -9999
2017 09 13 13    89 -9999 -9999 -9999    58 -9999     0 -9999
2017 09 13 14    79 -9999 -9999 -9999    60 -9999     0 -9999
2017 09 13 15    82 -9999 -9999 -9999    55 -9999     0 -9999
2017 09 13 16    76 -9999 -9999 -9999    61 -9999     0 -9999
2017 09 13 17    79 -9999 -9999 -9999    86 -9999     0 -9999
2017 09 13 18    88 -9999 -9999 -9999    69 -9999     0 -9999
2017 09 13 19    98 -9999 -9999 -9999    67 -9999     0 -9999
2017 09 13 20   106 -9999 -9999 -9999    64 -9999     0 -9999
2017 09 13 21   111 -9999 -9999 -9999    55 -9999     0 -9999
2017 09 13 22   109 -9999 -9999 -9999    58 -9999     0 -9999
2017 09 13 23   118 -9999 -9999 -9999    73 -9999     0 -9999
2017 09 14 00   119 -9999 -9999 -9999    63 -9999     0 -9999
2017 09 14 01   119 -9999 -9999 -9999    60 -9999     0 -9999
2017 09 14 02   104 -9999 -9999 -9999    58 -9999     0 -9999
2017 09 14 03    93 -9999 -9999 -9999    60 -9999     0 -9999
2017 09 14 04    86 -9999 -9999 -9999    53 -9999     0 -9999
2017 09 14 05    88 -9999 -9999 -9999    44 -9999     0 -9999
2017 09 14 06    84 -9999 -9999 -9999    44 -9999     0 -9999
2017 09 14 07    86 -9999 -9999 -9999    69 -9999     0 -9999
2017 09 14 08    89 -9999 -9999 -9999    60 -9999     0 -9999
2017 09 14 09    85 -9999 -9999 -9999    50 -9999     0 -9999
2017 09 14 10    80 -9999 -9999 -9999    45 -9999     0 -9999
2017 09 14 11    77 -9999 -9999 -9999    39 -9999     0 -9999
2017 09 14 12    71 -9999 -9999 -9999    32 -9999     0 -9999
2017 09 14 13    44 -9999 -9999 -9999    27 -9999     0 -9999
2017 09 14 14    65 -9999 -9999 -9999    40 -9999     0 -9999
2017 09 14 15    65 -9999 -9999 -9999    45 -9999     0 -9999
2017 09 14 16    71 -9999 -9999 -9999    50 -9999     0 -9999
2017 09 14 17    86 -9999 -9999 -9999    51 -9999     0 -9999
2017 09 14 18    87 -9999 -9999 -9999    55 -9999     0 -9999
2017 09 14 19    95 -9999 -9999 -9999    47 -9999     0 -9999
2017 09 14 20   109 -9999 -9999 -9999    41 -9999     0 -9999
2017 09 14 21   108 -9999 -9999 -9999    51 -9999     0 -9999
2017 09 14 22   103 -9999 -9999 -9999    45 -9999     0 -9999
2017 09 14 23   120 -9999 -9999 -9999    50 -9999     0 -9999
2017 09 15 00   114 -9999 -9999 -9999    52 -9999     0 -9999
2017 09 15 01   113 -9999 -9999 -9999    59 -9999     0 -9999
2017 09 15 02   109 -9999 -9999 -9999    48 -9999     0 -9999
2017 09 15 03    82 -9999 -9999 -9999    45 -9999     0 -9999
2017 09 15 04    74 -9999 -9999 -9999    45 -9999     0 -9999
2017 09 15 05    79 -9999 -9999 -9999    50 -9999     0 -9999
2017 09 15 06    73 -9999 -9999 -9999    38 -9999     0 -9999
2017 09 15 07    70 -9999 -9999 -9999    19 -9999     0 -9999
2017 09 15 08    64 -9999 -9999 -9999    16 -9999     0 -9999
2017 09 15 09    71 -9999 -9999 -9999    30 -9999     0 -9999
2017 09 15 10    67 -9999 -9999 -9999    34 -9999     0 -9999
2017 09 15 11    54 -9999 -9999 -9999    33 -9999     0 -9999
2017 09 15 12    70 -9999 -9999 -9999    48 -9999     0 -9999
2017 09 15 13    58 -9999 -9999 -9999    36 -9999     0 -9999
2017 09 15 14    61 -9999 -9999 -9999    24 -9999     0 -9999
2017 09 15 15    57 -9999 -9999 -9999    11 -9999     0 -9999
2017 09 15 16    54 -9999 -9999 -9999    10 -9999     0 -9999
2017 09 15 17    61 -9999 -9999 -9999    23 -9999     0 -9999
2017 09 15 18    77 -9999 -9999 -9999    14 -9999     0 -9999
2017 09 15 19    84 -9999 -9999 -9999    31 -9999     0 -9999
2017 09 15 20    91 -9999 -9999 -9999    28 -9999     0 -9999
2017 09 15 21    99 -9999 -9999 -9999    28 -9999     0 -9999
2017 09 15 22    92 -9999 -9999 -9999    34 -9999     0 -9999
2017 09 15 23    92 -9999 -9999 -9999    33 -9999     0 -9999
2017 09 16 00   103 -9999 -9999 -9999    32 -9999     0 -9999
2017 09 16 01   111 -9999 -9999 -9999    31 -9999     0 -9999
2017 09 16 02   106 -9999 -9999 -9999    23 -9999     0 -9999
2017 09 16 03    96 -9999 -9999 -9999    14 -9999     0 -9999
2017 09 16 04    61 -9999 -9999 -9999    17 -9999     0 -9999
2017 09 16 05    29 -9999 -9999 -9999    11 -9999     0 -9999
2017 09 16 06    11 -9999 -9999 -9999    12 -9999     0 -9999
2017 09 16 07     9 -9999 -9999 -9999     7 -9999     0 -9999
2017 09 16 08    25 -9999 -9999 -9999    12 -9999     0 -9999
2017 09 16 09    18 -9999 -9999 -9999    30 -9999     0 -9999
2017 09 16 10     7 -9999 -9999 -9999    26 -9999     0 -9999
2017 09 16 11     0 -9999 -9999 -9999    23 -9999     0 -9999
2017 09 16 12   -11 -9999 -9999 -9999    17 -9999     0 -9999
2017 09 16 13    -6 -9999 -9999 -9999    20 -9999     0 -9999
2017 09 16 14   -28 -9999 -9999 -9999    20 -9999     0 -9999
2017 09 16 15   -24 -9999 -9999 -9999    16 -9999     0 -9999
2017 09 16 16   -22 -9999 -9999 -9999    16 -9999     0 -9999
2017 09 16 17     8 -9999 -9999 -9999    17 -9999     0 -9999
2017 09 16 18    33 -9999 -9999 -9999    16 -9999     0 -9999
2017 09 16 19    62 -9999 -9999 -9999    16 -9999     0 -9999
2017 09 16 20    83 -9999 -9999 -9999    11 -9999     0 -9999
2017 09 16 21    93 -9999 -9999 -9999    10 -9999     0 -9999
2017 09 16 22   105 -9999 -9999 -9999    11 -9999     0 -9999
2017 09 16 23   114 -9999 -9999 -9999    16 -9999     0 -9999
2017 09 17 00   114 -9999 -9999 -9999    27 -9999     0 -9999
2017 09 17 01   104 -9999 -9999 -9999    29 -9999     0 -9999
2017 09 17 02   105 -9999 -9999 -9999    33 -9999     0 -9999
2017 09 17 03    90 -9999 -9999 -9999    27 -9999     0 -9999
2017 09 17 04    59 -9999 -9999 -9999    19 -9999     0 -9999
2017 09 17 05    29 -9999 -9999 -9999    19 -9999     0 -9999
2017 09 17 06    17 -9999 -9999 -9999    30 -9999     0 -9999
2017 09 17 07     0 -9999 -9999 -9999    16 -9999     0 -9999
2017 09 17 08    11 -9999 -9999 -9999    22 -9999     0 -9999
2017 09 17 09    17 -9999 -9999 -9999    43 -9999     0 -9999
2017 09 17 10     5 -9999 -9999 -9999    43 -9999     0 -9999
2017 09 17 11    23 -9999 -9999 -9999    41 -9999     0 -9999
2017 09 17 12    20 -9999 -9999 -9999    40 -9999     0 -9999
2017 09 17 13    10 -9999 -9999 -9999    25 -9999     0 -9999
2017 09 17 14    12 -9999 -9999 -9999    33 -9999     0 -9999
2017 09 17 15    17 -9999 -9999 -9999    25 -9999     0 -9999
2017 09 17 16    24 -9999 -9999 -9999    31 -9999     0 -9999
2017 09 17 17    38 -9999 -9999 -9999    24 -9999     0 -9999
2017 09 17 18    76 -9999 -9999 -9999    23 -9999     0 -9999
2017 09 17 19   117 -9999 -9999 -9999    31 -9999     0 -9999
2017 09 17 20   113 -9999 -9999 -9999    25 -9999     0 -9999
2017 09 17 21   109 -9999 -9999 -9999    31 -9999     0 -9999
2017 09 17 22    96 -9999 -9999 -9999    29 -9999     0 -9999
2017 09 17 23   117 -9999 -9999 -9999    26 -9999     0 -9999
2017 09 18 00   121 -9999 -9999 -9999    33 -9999     0 -9999
2017 09 18 01    94 -9999 -9999 -9999    28 -9999     0 -9999
2017 09 18 02    68 -9999 -9999 -9999    25 -9999     0 -9999
2017 09 18 03    49 -9999 -9999 -9999    11 -9999     0 -9999
2017 09 18 04    34 -9999 -9999 -9999    11 -9999     0 -9999
2017 09 18 05    25 -9999 -9999 -9999    12 -9999     0 -9999
2017 09 18 06    21 -9999 -9999 -9999    30 -9999     0 -9999
2017 09 18 07    25 -9999 -9999 -9999    33 -9999     0 -9999
2017 09 18 08    27 -9999 -9999 -9999    42 -9999     0 -9999
2017 09 18 09    25 -9999 -9999 -9999    41 -9999     0 -9999
2017 09 18 10    25 -9999 -9999 -9999    32 -9999     0 -9999
2017 09 18 11    22 -9999 -9999 -9999    29 -9999     0 -9999
2017 09 18 12    30 -9999 -9999 -9999    32 -9999     0 -9999
2017 09 18 13    39 -9999 -9999 -9999    36 -9999     0 -9999
2017 09 18 14    33 -9999 -9999 -9999    31 -9999     0 -9999
2017 09 18 15    52 -9999 -9999 -9999    22 -9999     0 -9999
2017 09 18 16    47 -9999 -9999 -9999    29 -9999     0 -9999
2017 09 18 17    65 -9999 -9999 -9999    33 -9999     0 -9999
2017 09 18 18    74 -9999 -9999 -9999    34 -9999     0 -9999
2017 09 18 19    84 -9999 -9999 -9999    23 -9999     0 -9999
2017 09 18 20   109 -9999 -9999 -9999    23 -9999     0 -9999
2017 09 18 21   117 -9999 -9999 -9999    14 -9999     0 -9999
2017 09 18 22   119 -9999 -9999 -9999    32 -9999     0 -9999
2017 09 18 23   113 -9999 -9999 -9999    24 -9999     0 -9999
2017 09 19 00    90 -9999 -9999 -9999    38 -9999     0 -9999
2017 09 19 01    66 -9999 -9999 -9999    33 -9999     0 -9999
2017 09 19 02    47 -9999 -9999 -9999    31 -9999     0 -9999
2017 09 19 03    27 -9999 -9999 -9999    29 -9999     0 -9999
2017 09 19 04    18 -9999 -9999 -9999    26 -9999     0 -9999
2017 09 19 05    17 -9999 -9999 -9999    20 -9999     0 -9999
2017 09 19 06    16 -9999 -9999 -9999    17 -9999     0 -9999
2017 09 19 07    15 -9999 -9999 -9999    16 -9999     0 -9999
2017 09 19 08    12 -9999 -9999 -9999    15 -9999     0 -9999
2017 09 19 09     9 -9999 -9999 -9999    14 -9999     0 -9999
2017 09 19 10     3 -9999 -9999 -9999    13 -9999     0 -9999
2017 09 19 11    -1 -9999 -9999 -9999    13 -9999    14 -9999
2017 09 19 12    -3 -9999 -9999 -9999    14 -9999     2 -9999
2017 09 19 13    -6 -9999 -9999 -9999    20 -9999     0 -9999
2017 09 19 14    -8 -9999 -9999 -9999    21 -9999     7 -9999
2017 09 19 15   -10 -9999 -9999 -9999    21 -9999     3 -9999
2017 09 19 16   -12 -9999 -9999 -9999    19 -9999     9 -9999
2017 09 19 17   -11 -9999 -9999 -9999    14 -9999     7 -9999
2017 09 19 18   -11 -9999 -9999 -9999    16 -9999     3 -9999
2017 09 19 19   -12 -9999 -9999 -9999    21 -9999     0 -9999
2017 09 19 20   -11 -9999 -9999 -9999    19 -9999     2 -9999
2017 09 19 21    -9 -9999 -9999 -9999    20 -9999     0 -9999
2017 09 19 22    -9 -9999 -9999 -9999    21 -9999     0 -9999
2017 09 19 23   -10 -9999 -9999 -9999    22 -9999     0 -9999
2017 09 20 00   -10 -9999 -9999 -9999    17 -9999     0 -9999
2017 09 20 01   -14 -9999 -9999 -9999    20 -9999     0 -9999
2017 09 20 02   -15 -9999 -9999 -9999    21 -9999     0 -9999
2017 09 20 03   -16 -9999 -9999 -9999    14 -9999     0 -9999
2017 09 20 04   -18 -9999 -9999 -9999    18 -9999     0 -9999
2017 09 20 05   -21 -9999 -9999 -9999    18 -9999     0 -9999
2017 09 20 06   -21 -9999 -9999 -9999    16 -9999     0 -9999
2017 09 20 07   -22 -9999 -9999 -9999    19 -9999     0 -9999
2017 09 20 08   -21 -9999 -9999 -9999    24 -9999     0 -9999
2017 09 20 09   -21 -9999 -9999 -9999    23 -9999     0 -9999
2017 09 20 10   -21 -9999 -9999 -9999    17 -9999     0 -9999
2017 09 20 11   -21 -9999 -9999 -9999    12 -9999     0 -9999
2017 09 20 12   -22 -9999 -9999 -9999    15 -9999     0 -9999
2017 09 20 13   -23 -9999 -9999 -9999    23 -9999     0 -9999
2017 09 20 14   -24 -9999 -9999 -9999    23 -9999     0 -9999
2017 09 20 15   -26 -9999 -9999 -9999    14 -9999     0 -9999
2017 09 20 16   -27 -9999 -9999 -9999    21 -9999     0 -9999
2017 09 20 17   -27 -9999 -9999 -9999    22 -9999     0 -9999
2017 09 20 18   -26 -9999 -9999 -9999    28 -9999     0 -9999
2017 09 20 19   -24 -9999 -9999 -9999    22 -9999     0 -9999
2017 09 20 20   -25 -9999 -9999 -9999    24 -9999     0 -9999
2017 09 20 21   -24 -9999 -9999 -9999    20 -9999     0 -9999
2017 09 20 22   -20 -9999 -9999 -9999    23 -9999     0 -9999
2017 09 20 23   -19 -9999 -9999 -9999    20 -9999     3 -9999
2017 09 21 00   -17 -9999 -9999 -9999    18 -9999     0 -9999
2017 09 21 01   -19 -9999 -9999 -9999    25 -9999     0 -9999
2017 09 21 02   -21 -9999 -9999 -9999    25 -9999     0 -9999
2017 09 21 03   -26 -9999 -9999 -9999    22 -9999     0 -9999
2017 09 21 04   -39 -9999 -9999 -9999    14 -9999     0 -9999
2017 09 21 05   -34 -9999 -9999 -9999     7 -9999     0 -9999
2017 09 21 06   -33 -9999 -9999 -9999    19 -9999     0 -9999
2017 09 21 07   -36 -9999 -9999 -9999    12 -9999     0 -9999
2017 09 21 08   -53 -9999 -9999 -9999    15 -9999     0 -9999
2017 09 21 09   -52 -9999 -9999 -9999    13 -9999     0 -9999
2017 09 21 10   -44 -9999 -9999 -9999    13 -9999     0 -9999
2017 09 21 11   -38 -9999 -9999 -9999    20 -9999     0 -9999
2017 09 21 12   -42 -9999 -9999 -9999    20 -9999     0 -9999
2017 09 21 13   -49 -9999 -9999 -9999    24 -9999     0 -9999
2017 09 21 14   -63 -9999 -9999 -9999    17 -9999     0 -9999
2017 09 21 15   -66 -9999 -9999 -9999    26 -9999     0 -9999
2017 09 21 16   -70 -9999 -9999 -9999     9 -9999     0 -9999
2017 09 21 17   -84 -9999 -9999 -9999     6 -9999     0 -9999
2017 09 21 18   -61 -9999 -9999 -9999     4 -9999     0 -9999
2017 09 21 19   -39 -9999 -9999 -9999    11 -9999     0 -9999
2017 09 21 20   -38 -9999 -9999 -9999    10 -9999     0 -9999
2017 09 21 21   -41 -9999 -9999 -9999    22 -9999     0 -9999
2017 09 21 22   -30 -9999 -9999 -9999    15 -9999     0 -9999
2017 09 21 23   -36 -9999 -9999 -9999    21 -9999     0 -9999
2017 09 22 00   -49 -9999 -9999 -9999    25 -9999     0 -9999
2017 09 22 01   -53 -9999 -9999 -9999    16 -9999     0 -9999
2017 09 22 02   -52 -9999 -9999 -9999    10 -9999     0 -9999
2017 09 22 03   -54 -9999 -9999 -9999     7 -9999     0 -9999
2017 09 22 04   -52 -9999 -9999 -9999     9 -9999     0 -9999
2017 09 22 05   -50 -9999 -9999 -9999    11 -9999     2 -9999
2017 09 22 06   -47 -9999 -9999 -9999    12 -9999     0 -9999
2017 09 22 07   -45 -9999 -9999 -9999    12 -9999     0 -9999
2017 09 22 08   -45 -9999 -9999 -9999     8 -9999     0 -9999
2017 09 22 09   -47 -9999 -9999 -9999     5 -9999     0 -9999
2017 09 22 10   -49 -9999 -9999 -9999    11 -9999     0 -9999
2017 09 22 11   -51 -9999 -9999 -9999     7 -9999     0 -9999
2017 09 22 12   -53 -9999 -9999 -9999     7 -9999     0 -9999
2017 09 22 13   -55 -9999 -9999 -9999     9 -9999     0 -9999
2017 09 22 14   -57 -9999 -9999 -9999    10 -9999     0 -9999
2017 09 22 15   -55 -9999 -9999 -9999     8 -9999     0 -9999
2017 09 22 16   -55 -9999 -9999 -9999     9 -9999     0 -9999
2017 09 22 17   -54 -9999 -9999 -9999     9 -9999     0 -9999
2017 09 22 18   -50 -9999 -9999 -9999    10 -9999     0 -9999
2017 09 22 19   -49 -9999 -9999 -9999    13 -9999     0 -9999
2017 09 22 20   -46 -9999 -9999 -9999    13 -9999     0 -9999
2017 09 22 21   -48 -9999 -9999 -9999    13 -9999     0 -9999
2017 09 22 22   -51 -9999 -9999 -9999    12 -9999     0 -9999
2017 09 22 23   -47 -9999 -9999 -9999    10 -9999     0 -9999
2017 09 23 00   -50 -9999 -9999 -9999    14 -9999     0 -9999
2017 09 23 01   -48 -9999 -9999 -9999    16 -9999     0 -9999
2017 09 23 02   -46 -9999 -9999 -9999    17 -9999     0 -9999
2017 09 23 03   -46 -9999 -9999 -9999    15 -9999     0 -9999
2017 09 23 04   -45 -9999 -9999 -9999    12 -9999     0 -9999
2017 09 23 05   -44 -9999 -9999 -9999     8 -9999     0 -9999
2017 09 23 06   -46 -9999 -9999 -9999    14 -9999     0 -9999
2017 09 23 07   -44 -9999 -9999 -9999    11 -9999     0 -9999
2017 09 23 08   -43 -9999 -9999 -9999    11 -9999     0 -9999
2017 09 23 09   -43 -9999 -9999 -9999     9 -9999     0 -9999
2017 09 23 10   -43 -9999 -9999 -9999     2 -9999     0 -9999
2017 09 23 11   -47 -9999 -9999 -9999     3 -9999     2 -9999
2017 09 23 12   -55 -9999 -9999 -9999    13 -9999     0 -9999
2017 09 23 13   -81 -9999 -9999 -9999    11 -9999     0 -9999
2017 09 23 14   -78 -9999 -9999 -9999    11 -9999     0 -9999
2017 09 23 15   -80 -9999 -9999 -9999    18 -9999     0 -9999
2017 09 23 16   -68 -9999 -9999 -9999    21 -9999     0 -9999
2017 09 23 17   -65 -9999 -9999 -9999    14 -9999     0 -9999
2017 09 23 18   -53 -9999 -9999 -9999    10 -9999     0 -9999
2017 09 23 19   -47 -9999 -9999 -9999    13 -9999     0 -9999
2017 09 23 20   -34 -9999 -9999 -9999    25 -9999     0 -9999
2017 09 23 21   -38 -9999 -9999 -9999    24 -9999     0 -9999
2017 09 23 22   -36 -9999 -9999 -9999    18 -9999     0 -9999
2017 09 23 23   -33 -9999 -9999 -9999    15 -9999     0 -9999
2017 09 24 00   -31 -9999 -9999 -9999    18 -9999     0 -9999
2017 09 24 01   -31 -9999 -9999 -9999    21 -9999     0 -9999
2017 09 24 02   -27 -9999 -9999 -9999    16 -9999     0 -9999
2017 09 24 03   -31 -9999 -9999 -9999    19 -9999     0 -9999
2017 09 24 04   -32 -9999 -9999 -9999    23 -9999     0 -9999
2017 09 24 05   -31 -9999 -9999 -9999    19 -9999     0 -9999
2017 09 24 06   -32 -9999 -9999 -9999    21 -9999     0 -9999
2017 09 24 07   -34 -9999 -9999 -9999    22 -9999     0 -9999
2017 09 24 08   -49 -9999 -9999 -9999    18 -9999     0 -9999
2017 09 24 09   -56 -9999 -9999 -9999    28 -9999     0 -9999
2017 09 24 10   -52 -9999 -9999 -9999    23 -9999     0 -9999
2017 09 24 11   -56 -9999 -9999 -9999    17 -9999     0 -9999
2017 09 24 12   -65 -9999 -9999 -9999    22 -9999     0 -9999
2017 09 24 13   -66 -9999 -9999 -9999    25 -9999     0 -9999
2017 09 24 14   -77 -9999 -9999 -9999    30 -9999     0 -9999
2017 09 24 15   -78 -9999 -9999 -9999    27 -9999     0 -9999
2017 09 24 16   -89 -9999 -9999 -9999    30 -9999     0 -9999
2017 09 24 17   -95 -9999 -9999 -9999    26 -9999     0 -9999
2017 09 24 18   -78 -9999 -9999 -9999    21 -9999     0 -9999
2017 09 24 19   -60 -9999 -9999 -9999     9 -9999     0 -9999
2017 09 24 20   -53 -9999 -9999 -9999    12 -9999     0 -9999
2017 09 24 21   -47 -9999 -9999 -9999    10 -9999     0 -9999
2017 09 24 22   -40 -9999 -9999 -9999    14 -9999     0 -9999
2017 09 24 23   -37 -9999 -9999 -9999    13 -9999     0 -9999
2017 09 25 00   -32 -9999 -9999 -9999    11 -9999     0 -9999
2017 09 25 01   -33 -9999 -9999 -9999    14 -9999     3 -9999
2017 09 25 02   -35 -9999 -9999 -9999    10 -9999     0 -9999
2017 09 25 03   -38 -9999 -9999 -9999    11 -9999     0 -9999
2017 09 25 04   -50 -9999 -9999 -9999    15 -9999     0 -9999
2017 09 25 05   -46 -9999 -9999 -9999     4 -9999     0 -9999
2017 09 25 06   -45 -9999 -9999 -9999    12 -9999     0 -9999
2017 09 25 07   -42 -9999 -9999 -9999    14 -9999     2 -9999
2017 09 25 08   -44 -9999 -9999 -9999    12 -9999     0 -9999
2017 09 25 09   -47 -9999 -9999 -9999    17 -9999     0 -9999
2017 09 25 10   -51 -9999 -9999 -9999     7 -9999     0 -9999
2017 09 25 11   -50 -9999 -9999 -9999    12 -9999     0 -9999
2017 09 25 12   -63 -9999 -9999 -9999    17 -9999     0 -9999
2017 09 25 13   -55 -9999 -9999 -9999    12 -9999     0 -9999
2017 09 25 14   -53 -9999 -9999 -9999     9 -9999     0 -9999
2017 09 25 15   -43 -9999 -9999 -9999    11 -9999     0 -9999
2017 09 25 16   -39 -9999 -9999 -9999    13 -9999     0 -9999
2017 09 25 17   -36 -9999 -9999 -9999    21 -9999     0 -9999
2017 09 25 18   -34 -9999 -9999 -9999    22 -9999     0 -9999
2017 09 25 19   -31 -9999 -9999 -9999    32 -9999     0 -9999
2017 09 25 20   -25 -9999 -9999 -9999    32 -9999     0 -9999
2017 09 25 21   -24 -9999 -9999 -9999    26 -9999     0 -9999
2017 09 25 22   -22 -9999 -9999 -9999    25 -9999     0 -9999
2017 09 25 23   -29 -9999 -9999 -9999    26 -9999     0 -9999
2017 09 26 00   -27 -9999 -9999 -9999    25 -9999     0 -9999
2017 09 26 01   -31 -9999 -9999 -9999    28 -9999     9 -9999
2017 09 26 02   -32 -9999 -9999 -9999    24 -9999     0 -9999
2017 09 26 03   -33 -9999 -9999 -9999    14 -9999     6 -9999
2017 09 26 04   -33 -9999 -9999 -9999    11 -9999     2 -9999
2017 09 26 05   -36 -9999 -9999 -9999    14 -9999     3 -9999
2017 09 26 06   -35 -9999 -9999 -9999    11 -9999     2 -9999
2017 09 26 07   -38 -9999 -9999 -9999    13 -9999     3 -9999
2017 09 26 08   -47 -9999 -9999 -9999    30 -9999     0 -9999
2017 09 26 09   -49 -9999 -9999 -9999    31 -9999     0 -9999
2017 09 26 10   -50 -9999 -9999 -9999    24 -9999     0 -9999
2017 09 26 11   -52 -9999 -9999 -9999    14 -9999     0 -9999
2017 09 26 12   -52 -9999 -9999 -9999     9 -9999     0 -9999
2017 09 26 13   -51 -9999 -9999 -9999    12 -9999     0 -9999
2017 09 26 14   -54 -9999 -9999 -9999    16 -9999     0 -9999
2017 09 26 15   -55 -9999 -9999 -9999     6 -9999     0 -9999
2017 09 26 16   -58 -9999 -9999 -9999    14 -9999     0 -9999
2017 09 26 17   -66 -9999 -9999 -9999    14 -9999     0 -9999
2017 09 26 18   -83 -9999 -9999 -9999    11 -9999     0 -9999
2017 09 26 19   -77 -9999 -9999 -9999     6 -9999     0 -9999
2017 09 26 20   -70 -9999 -9999 -9999     1 -9999     0 -9999
2017 09 26 21   -61 -9999 -9999 -9999     3 -9999     0 -9999
2017 09 26 22   -57 -9999 -9999 -9999     7 -9999     0 -9999
2017 09 26 23   -55 -9999 -9999 -9999    12 -9999     0 -9999
2017 09 27 00   -52 -9999 -9999 -9999    18 -9999     0 -9999
2017 09 27 01   -59 -9999 -9999 -9999    12 -9999     0 -9999
2017 09 27 02   -72 -9999 -9999 -9999    23 -9999     0 -9999
2017 09 27 03   -78 -9999 -9999 -9999    25 -9999     0 -9999
2017 09 27 04   -90 -9999 -9999 -9999    21 -9999     0 -9999
2017 09 27 05   -99 -9999 -9999 -9999    17 -9999     0 -9999
2017 09 27 06   -95 -9999 -9999 -9999    24 -9999     0 -9999
2017 09 27 07   -97 -9999 -9999 -9999    18 -9999     0 -9999
2017 09 27 08   -91 -9999 -9999 -9999    32 -9999     0 -9999
2017 09 27 09   -87 -9999 -9999 -9999    32 -9999     0 -9999
2017 09 27 10   -83 -9999 -9999 -9999    23 -9999     0 -9999
2017 09 27 11  -106 -9999 -9999 -9999    18 -9999     0 -9999
2017 09 27 12   -82 -9999 -9999 -9999    18 -9999     0 -9999
2017 09 27 13   -72 -9999 -9999 -9999    21 -9999     0 -9999
2017 09 27 14   -67 -9999 -9999 -9999    16 -9999     0 -9999
2017 09 27 15   -78 -9999 -9999 -9999    25 -9999     0 -9999
2017 09 27 16   -84 -9999 -9999 -9999    14 -9999     0 -9999
2017 09 27 17   -82 -9999 -9999 -9999    21 -9999     0 -9999
2017 09 27 18   -79 -9999 -9999 -9999    19 -9999     0 -9999
2017 09 27 19   -50 -9999 -9999 -9999    17 -9999     0 -9999
2017 09 27 20   -27 -9999 -9999 -9999     4 -9999     0 -9999
2017 09 27 21    -9 -9999 -9999 -9999    10 -9999     0 -9999
2017 09 27 22    -2 -9999 -9999 -9999     9 -9999     0 -9999
2017 09 27 23     8 -9999 -9999 -9999     5 -9999     0 -9999
2017 09 28 00    12 -9999 -9999 -9999     8 -9999     0 -9999
2017 09 28 01     4 -9999 -9999 -9999     6 -9999     0 -9999
2017 09 28 02    -7 -9999 -9999 -9999     9 -9999     0 -9999
2017 09 28 03   -26 -9999 -9999 -9999     9 -9999     0 -9999
2017 09 28 04   -44 -9999 -9999 -9999    20 -9999     0 -9999
2017 09 28 05   -52 -9999 -9999 -9999    24 -9999     0 -9999
2017 09 28 06   -55 -9999 -9999 -9999    34 -9999     0 -9999
2017 09 28 07   -58 -9999 -9999 -9999    37 -9999     0 -9999
2017 09 28 08   -56 -9999 -9999 -9999    25 -9999     0 -9999
2017 09 28 09   -49 -9999 -9999 -9999    20 -9999     0 -9999
2017 09 28 10   -39 -9999 -9999 -9999    16 -9999     0 -9999
2017 09 28 11   -36 -9999 -9999 -9999    10 -9999     0 -9999
2017 09 28 12   -36 -9999 -9999 -9999     3 -9999     0 -9999
2017 09 28 13   -34 -9999 -9999 -9999     6 -9999     0 -9999
2017 09 28 14   -37 -9999 -9999 -9999     7 -9999     0 -9999
2017 09 28 15   -36 -9999 -9999 -9999    10 -9999     0 -9999
2017 09 28 16   -39 -9999 -9999 -9999    10 -9999     0 -9999
2017 09 28 17   -39 -9999 -9999 -9999     7 -9999     0 -9999
2017 09 28 18   -31 -9999 -9999 -9999     7 -9999     0 -9999
2017 09 28 19   -28 -9999 -9999 -9999    13 -9999     0 -9999
2017 09 28 20   -34 -9999 -9999 -9999    17 -9999     0 -9999
2017 09 28 21   -32 -9999 -9999 -9999    22 -9999     0 -9999
2017 09 28 22   -30 -9999 -9999 -9999    35 -9999     0 -9999
2017 09 28 23   -22 -9999 -9999 -9999    32 -9999     0 -9999
2017 09 29 00   -23 -9999 -9999 -9999    35 -9999     0 -9999
2017 09 29 01   -21 -9999 -9999 -9999    30 -9999     0 -9999
2017 09 29 02   -25 -9999 -9999 -9999    46 -9999     0 -9999
2017 09 29 03   -34 -9999 -9999 -9999    63 -9999     0 -9999
2017 09 29 04   -49 -9999 -9999 -9999    66 -9999     0 -9999
2017 09 29 05   -50 -9999 -9999 -9999    44 -9999     2 -9999
2017 09 29 06   -51 -9999 -9999 -9999    40 -9999     0 -9999
2017 09 29 07   -53 -9999 -9999 -9999    47 -9999     2 -9999
2017 09 29 08   -53 -9999 -9999 -9999    39 -9999     0 -9999
2017 09 29 09   -54 -9999 -9999 -9999    42 -9999     0 -9999
2017 09 29 10   -61 -9999 -9999 -9999    50 -9999     0 -9999
2017 09 29 11   -70 -9999 -9999 -9999    42 -9999     0 -9999
2017 09 29 12   -71 -9999 -9999 -9999    36 -9999     0 -9999
2017 09 29 13   -70 -9999 -9999 -9999    45 -9999     0 -9999
2017 09 29 14   -71 -9999 -9999 -9999    40 -9999     0 -9999
2017 09 29 15   -71 -9999 -9999 -9999    49 -9999     0 -9999
2017 09 29 16   -74 -9999 -9999 -9999    37 -9999     0 -9999
2017 09 29 17   -73 -9999 -9999 -9999    44 -9999     0 -9999
2017 09 29 18   -70 -9999 -9999 -9999    37 -9999     0 -9999
2017 09 29 19   -66 -9999 -9999 -9999    46 -9999     0 -9999
2017 09 29 20   -64 -9999 -9999 -9999    50 -9999     0 -9999
2017 09 29 21   -61 -9999 -9999 -9999    54 -9999     0 -9999
2017 09 29 22   -58 -9999 -9999 -9999    54 -9999     0 -9999
2017 09 29 23   -53 -9999 -9999 -9999    57 -9999     0 -9999
2017 09 30 00   -48 -9999 -9999 -9999    47 -9999     0 -9999
2017 09 30 01   -47 -9999 -9999 -9999    43 -9999     0 -9999
2017 09 30 02   -54 -9999 -9999 -9999    45 -9999     0 -9999
2017 09 30 03   -63 -9999 -9999 -9999    35 -9999     0 -9999
2017 09 30 04   -71 -9999 -9999 -9999    19 -9999     0 -9999
2017 09 30 05   -69 -9999 -9999 -9999    20 -9999     0 -9999
2017 09 30 06   -53 -9999 -9999 -9999    17 -9999     0 -9999
2017 09 30 07   -48 -9999 -9999 -9999    33 -9999     0 -9999
2017 09 30 08   -49 -9999 -9999 -9999    34 -9999     0 -9999
2017 09 30 09   -51 -9999 -9999 -9999    47 -9999     0 -9999
2017 09 30 10   -62 -9999 -9999 -9999    36 -9999     3 -9999
2017 09 30 11   -65 -9999 -9999 -9999    44 -9999     0 -9999
2017 09 30 12   -67 -9999 -9999 -9999    23 -9999     0 -9999
2017 09 30 13   -71 -9999 -9999 -9999    15 -9999     0 -9999
2017 09 30 14   -66 -9999 -9999 -9999    15 -9999     0 -9999
2017 09 30 15   -68 -9999 -9999 -9999    19 -9999     0 -9999
2017 09 30 16   -61 -9999 -9999 -9999    13 -9999     0 -9999
2017 09 30 17   -52 -9999 -9999 -9999    14 -9999     0 -9999
2017 09 30 18   -40 -9999 -9999 -9999    13 -9999     0 -9999
2017 09 30 19   -35 -9999 -9999 -9999    13 -9999     0 -9999
2017 09 30 20   -21 -9999 -9999 -9999    31 -9999     0 -9999
2017 09 30 21   -11 -9999 -9999 -9999    40 -9999     0 -9999
2017 09 30 22   -13 -9999 -9999 -9999    47 -9999     0 -9999
2017 09 30 23    -4 -9999 -9999 -9999    47 -9999     0 -9999
2017 10 01 00     4 -9999 -9999 -9999    38 -9999     0 -9999
2017 10 01 01    -1 -9999 -9999 -9999    52 -9999     0 -9999
2017 10 01 02     1 -9999 -9999 -9999    47 -9999     0 -9999
2017 10 01 03     7 -9999 -9999 -9999    63 -9999     0 -9999
2017 10 01 04     7 -9999 -9999 -9999    53 -9999     0 -9999
2017 10 01 05     7 -9999 -9999 -9999    49 -9999     0 -9999
2017 10 01 06    12 -9999 -9999 -9999    54 -9999     0 -9999
2017 10 01 07    16 -9999 -9999 -9999    56 -9999     0 -9999
2017 10 01 08    11 -9999 -9999 -9999    50 -9999     0 -9999
2017 10 01 09    15 -9999 -9999 -9999    41 -9999     0 -9999
2017 10 01 10    18 -9999 -9999 -9999    51 -9999     0 -9999
2017 10 01 11    19 -9999 -9999 -9999    67 -9999     0 -9999
2017 10 01 12    15 -9999 -9999 -9999    66 -9999     0 -9999
2017 10 01 13    20 -9999 -9999 -9999    67 -9999     0 -9999
2017 10 01 14    17 -9999 -9999 -9999    53 -9999     0 -9999
2017 10 01 15    19 -9999 -9999 -9999    47 -9999     4 -9999
2017 10 01 16    19 -9999 -9999 -9999    41 -9999     4 -9999
2017 10 01 17    18 -9999 -9999 -9999    34 -9999     2 -9999
2017 10 01 18    21 -9999 -9999 -9999    23 -9999     4 -9999
2017 10 01 19    27 -9999 -9999 -9999    29 -9999     2 -9999
2017 10 01 20    30 -9999 -9999 -9999    17 -9999     0 -9999
2017 10 01 21    28 -9999 -9999 -9999    20 -9999     0 -9999
2017 10 01 22    34 -9999 -9999 -9999    11 -9999     0 -9999
2017 10 01 23    33 -9999 -9999 -9999    11 -9999     0 -9999
2017 10 02 00    40 -9999 -9999 -9999    12 -9999     0 -9999
2017 10 02 01    28 -9999 -9999 -9999    21 -9999     0 -9999
2017 10 02 02    15 -9999 -9999 -9999    28 -9999     0 -9999
2017 10 02 03     7 -9999 -9999 -9999    11 -9999     0 -9999
2017 10 02 04    -6 -9999 -9999 -9999     7 -9999     0 -9999
2017 10 02 05   -15 -9999 -9999 -9999    11 -9999     0 -9999
2017 10 02 06   -25 -9999 -9999 -9999    11 -9999     0 -9999
2017 10 02 07   -25 -9999 -9999 -9999    19 -9999     0 -9999
2017 10 02 08   -26 -9999 -9999 -9999    24 -9999     0 -9999
2017 10 02 09   -27 -9999 -9999 -9999    22 -9999     0 -9999
2017 10 02 10   -33 -9999 -9999 -9999     8 -9999     0 -9999
2017 10 02 11   -32 -9999 -9999 -9999     9 -9999     0 -9999
2017 10 02 12   -44 -9999 -9999 -9999    13 -9999     0 -9999
2017 10 02 13   -30 -9999 -9999 -9999    13 -9999     0 -9999
2017 10 02 14   -24 -9999 -9999 -9999    14 -9999     0 -9999
2017 10 02 15   -22 -9999 -9999 -9999    14 -9999     0 -9999
2017 10 02 16     6 -9999 -9999 -9999    12 -9999     0 -9999
2017 10 02 17    35 -9999 -9999 -9999    32 -9999     0 -9999
2017 10 02 18    43 -9999 -9999 -9999    38 -9999     0 -9999
2017 10 02 19    45 -9999 -9999 -9999    33 -9999     0 -9999
2017 10 02 20    45 -9999 -9999 -9999    34 -9999     0 -9999
2017 10 02 21    46 -9999 -9999 -9999    33 -9999     0 -9999
2017 10 02 22    50 -9999 -9999 -9999    47 -9999     0 -9999
2017 10 02 23    44 -9999 -9999 -9999    52 -9999     0 -9999
2017 10 03 00    41 -9999 -9999 -9999    43 -9999     0 -9999
2017 10 03 01    39 -9999 -9999 -9999    36 -9999     0 -9999
2017 10 03 02    32 -9999 -9999 -9999    25 -9999     0 -9999
2017 10 03 03    31 -9999 -9999 -9999    31 -9999     0 -9999
2017 10 03 04    29 -9999 -9999 -9999    34 -9999     0 -9999
2017 10 03 05    23 -9999 -9999 -9999    28 -9999     0 -9999
2017 10 03 06    17 -9999 -9999 -9999    32 -9999     0 -9999
2017 10 03 07    18 -9999 -9999 -9999    34 -9999     0 -9999
2017 10 03 08     5 -9999 -9999 -9999    32 -9999     0 -9999
2017 10 03 09     3 -9999 -9999 -9999    31 -9999     0 -9999
2017 10 03 10    -8 -9999 -9999 -9999    32 -9999     0 -9999
2017 10 03 11    -3 -9999 -9999 -9999    37 -9999     0 -9999
2017 10 03 12    -3 -9999 -9999 -9999    34 -9999     0 -9999
2017 10 03 13   -15 -9999 -9999 -9999    30 -9999     0 -9999
2017 10 03 14   -24 -9999 -9999 -9999    23 -9999     0 -9999
2017 10 03 15   -24 -9999 -9999 -9999    22 -9999     0 -9999
2017 10 03 16   -21 -9999 -9999 -9999    18 -9999     0 -9999
2017 10 03 17   -45 -9999 -9999 -9999    16 -9999     0 -9999
2017 10 03 18     4 -9999 -9999 -9999    20 -9999     0 -9999
2017 10 03 19    24 -9999 -9999 -9999    12 -9999     0 -9999
2017 10 03 20    49 -9999 -9999 -9999    12 -9999     0 -9999
2017 10 03 21    61 -9999 -9999 -9999    23 -9999     0 -9999
2017 10 03 22    82 -9999 -9999 -9999    25 -9999     0 -9999
2017 10 03 23    71 -9999 -9999 -9999    21 -9999     0 -9999
2017 10 04 00    76 -9999 -9999 -9999    14 -9999     0 -9999
2017 10 04 01    66 -9999 -9999 -9999    27 -9999     0 -9999
2017 10 04 02    49 -9999 -9999 -9999    25 -9999     0 -9999
2017 10 04 03    33 -9999 -9999 -9999    32 -9999     0 -9999
2017 10 04 04    35 -9999 -9999 -9999    38 -9999     0 -9999
2017 10 04 05    35 -9999 -9999 -9999    41 -9999     0 -9999
2017 10 04 06    28 -9999 -9999 -9999    38 -9999     0 -9999
2017 10 04 07    25 -9999 -9999 -9999    37 -9999     0 -9999
2017 10 04 08    39 -9999 -9999 -9999    40 -9999     0 -9999
2017 10 04 09    40 -9999 -9999 -9999    46 -9999     0 -9999
2017 10 04 10    34 -9999 -9999 -9999    36 -9999     0 -9999
2017 10 04 11    51 -9999 -9999 -9999    37 -9999     0 -9999
2017 10 04 12    49 -9999 -9999 -9999    38 -9999     0 -9999
2017 10 04 13    39 -9999 -9999 -9999    23 -9999     0 -9999
2017 10 04 14    34 -9999 -9999 -9999    20 -9999     0 -9999
2017 10 04 15    31 -9999 -9999 -9999    33 -9999     0 -9999
2017 10 04 16    31 -9999 -9999 -9999    17 -9999     0 -9999
2017 10 04 17    15 -9999 -9999 -9999    10 -9999     0 -9999
2017 10 04 18    21 -9999 -9999 -9999    12 -9999     0 -9999
2017 10 04 19    36 -9999 -9999 -9999    15 -9999     0 -9999
2017 10 04 20    43 -9999 -9999 -9999    21 -9999     0 -9999
2017 10 04 21    56 -9999 -9999 -9999    14 -9999     0 -9999
2017 10 04 22    71 -9999 -9999 -9999    22 -9999     0 -9999
2017 10 04 23    61 -9999 -9999 -9999    34 -9999     0 -9999
2017 10 05 00    66 -9999 -9999 -9999    33 -9999     0 -9999
2017 10 05 01    62 -9999 -9999 -9999    29 -9999     0 -9999
2017 10 05 02    46 -9999 -9999 -9999    18 -9999     0 -9999
2017 10 05 03    41 -9999 -9999 -9999     9 -9999     0 -9999
2017 10 05 04    36 -9999 -9999 -9999    10 -9999     0 -9999
2017 10 05 05    32 -9999 -9999 -9999    11 -9999     0 -9999
2017 10 05 06    32 -9999 -9999 -9999     7 -9999     0 -9999
2017 10 05 07    20 -9999 -9999 -9999    12 -9999     0 -9999
2017 10 05 08    31 -9999 -9999 -9999    11 -9999     0 -9999
2017 10 05 09    25 -9999 -9999 -9999     9 -9999     0 -9999
2017 10 05 10    29 -9999 -9999 -9999    13 -9999     0 -9999
2017 10 05 11    40 -9999 -9999 -9999    32 -9999     0 -9999
2017 10 05 12    41 -9999 -9999 -9999    33 -9999     0 -9999
2017 10 05 13    41 -9999 -9999 -9999    32 -9999     0 -9999
2017 10 05 14    44 -9999 -9999 -9999    42 -9999     0 -9999
2017 10 05 15    28 -9999 -9999 -9999    22 -9999     0 -9999
2017 10 05 16     7 -9999 -9999 -9999    12 -9999     0 -9999
2017 10 05 17    -9 -9999 -9999 -9999    10 -9999     0 -9999
2017 10 05 18    10 -9999 -9999 -9999     9 -9999     0 -9999
2017 10 05 19    31 -9999 -9999 -9999    10 -9999     0 -9999
2017 10 05 20    45 -9999 -9999 -9999    14 -9999     0 -9999
2017 10 05 21    39 -9999 -9999 -9999    29 -9999     0 -9999
2017 10 05 22    40 -9999 -9999 -9999    14 -9999     0 -9999
2017 10 05 23    53 -9999 -9999 -9999    14 -9999     0 -9999
2017 10 06 00    54 -9999 -9999 -9999    22 -9999     0 -9999
2017 10 06 01    36 -9999 -9999 -9999    17 -9999     0 -9999
2017 10 06 02    16 -9999 -9999 -9999     9 -9999     0 -9999
2017 10 06 03    -4 -9999 -9999 -9999    12 -9999     0 -9999
2017 10 06 04   -11 -9999 -9999 -9999    17 -9999     0 -9999
2017 10 06 05   -14 -9999 -9999 -9999    21 -9999     0 -9999
